%YAML:1.0
---
MarkerSize: 10
MaxCorrectionBits: 20
ByteList: !!opencv-matrix
   rows: 32
   cols: 13
   dt: "4u"
   data: [ 235, 230, 67, 107, 65, 23, 126, 59, 178, 13, 91, 178, 0, 157,
       41, 44, 186, 174, 40, 49, 183, 234, 152, 148, 245, 13, 4, 221,
       171, 4, 221, 199, 238, 136, 45, 108, 38, 125, 7, 186, 242, 145,
       149, 126, 216, 193, 71, 85, 211, 73, 75, 9, 50, 159, 53, 253, 185,
       151, 8, 108, 242, 136, 177, 236, 10, 112, 185, 50, 234, 237, 122,
       28, 142, 143, 87, 114, 2, 15, 83, 120, 209, 20, 243, 97, 14, 153,
       219, 250, 207, 148, 12, 244, 4, 238, 175, 23, 19, 133, 235, 117,
       116, 201, 208, 14, 162, 195, 218, 56, 147, 77, 182, 214, 62, 133,
       173, 135, 15, 215, 110, 182, 255, 153, 88, 211, 48, 70, 206, 14,
       41, 6, 254, 27, 90, 23, 198, 182, 219, 44, 145, 197, 188, 52, 5,
       105, 71, 7, 54, 32, 204, 177, 169, 159, 246, 215, 110, 11, 154,
       177, 180, 42, 22, 43, 112, 24, 83, 116, 43, 109, 0, 76, 188, 1,
       187, 162, 83, 98, 104, 20, 35, 101, 53, 13, 11, 109, 66, 236, 161,
       128, 237, 70, 133, 66, 216, 213, 9, 186, 202, 108, 66, 129, 100,
       108, 164, 93, 216, 3, 211, 2, 207, 147, 245, 216, 94, 224, 54, 73,
       140, 9, 224, 214, 4, 67, 188, 175, 71, 68, 240, 57, 147, 100, 34,
       236, 227, 10, 38, 176, 121, 3, 25, 38, 192, 119, 161, 186, 252,
       159, 3, 92, 115, 116, 66, 108, 153, 192, 242, 46, 47, 83, 220, 2,
       197, 10, 206, 228, 124, 94, 10, 68, 177, 109, 215, 171, 2, 33, 0,
       61, 121, 238, 184, 223, 209, 153, 145, 171, 168, 3, 77, 94, 187,
       104, 210, 37, 7, 163, 226, 119, 53, 10, 3, 193, 93, 88, 153, 152,
       191, 177, 215, 121, 235, 192, 8, 4, 117, 224, 199, 161, 190, 213,
       157, 165, 35, 171, 124, 243, 5, 129, 231, 109, 133, 220, 156, 204,
       122, 234, 214, 191, 210, 5, 172, 243, 237, 92, 74, 91, 154, 183,
       216, 94, 48, 122, 14, 164, 191, 214, 181, 117, 227, 51, 147, 186,
       27, 110, 120, 1, 234, 184, 140, 229, 195, 171, 205, 168, 170, 9,
       196, 15, 8, 57, 39, 128, 131, 189, 36, 234, 145, 71, 113, 240,
       186, 14, 31, 2, 57, 5, 81, 91, 61, 92, 58, 115, 17, 213, 7, 117,
       208, 248, 238, 40, 149, 114, 75, 220, 16, 30, 73, 12, 246, 37,
       224, 87, 242, 141, 119, 20, 169, 31, 85, 19, 3, 45, 84, 214, 155,
       12, 253, 199, 157, 74, 64, 151, 247, 0, 204, 138, 175, 137, 82,
       142, 235, 20, 254, 160, 122, 70, 15, 14, 254, 144, 37, 43, 158,
       59, 243, 13, 150, 178, 171, 4, 244, 227, 137, 208, 132, 183, 68,
       70, 0, 100, 141, 61, 10, 136, 32, 19, 217, 33, 232, 216, 106, 214,
       105, 130, 122, 3, 91, 203, 18, 96, 6, 34, 46, 210, 16, 185, 28,
       114, 15, 197, 228, 25, 102, 181, 97, 177, 120, 73, 188, 128, 65,
       1, 244, 76, 73, 29, 43, 86, 207, 243, 128, 169, 14, 69, 10, 189,
       143, 22, 64, 119, 140, 197, 238, 231, 28, 152, 40, 0, 90, 39, 9,
       80, 28, 255, 54, 173, 75, 137, 35, 34, 15, 1, 65, 147, 142, 119,
       122, 51, 30, 224, 38, 143, 27, 13, 183, 36, 126, 198, 35, 118, 94,
       73, 106, 31, 121, 237, 9, 121, 212, 236, 90, 45, 171, 77, 44, 238,
       179, 44, 188, 13, 155, 121, 239, 133, 105, 39, 166, 236, 70, 55,
       226, 78, 13, 179, 211, 76, 215, 115, 75, 45, 91, 69, 163, 114,
       185, 14, 62, 135, 42, 191, 193, 248, 100, 50, 137, 34, 196, 107,
       5, 60, 249, 194, 6, 128, 192, 250, 221, 194, 233, 25, 143, 3, 173,
       98, 52, 73, 20, 194, 97, 248, 63, 213, 78, 23, 12, 207, 25, 137,
       116, 59, 181, 240, 48, 22, 4, 57, 243, 12, 157, 247, 151, 53, 25,
       44, 107, 117, 209, 136, 197, 52, 5, 252, 97, 10, 109, 196, 222,
       179, 142, 36, 180, 115, 241, 3, 162, 202, 49, 24, 186, 237, 99,
       73, 138, 206, 158, 251, 9, 200, 252, 226, 210, 71, 28, 215, 178,
       59, 101, 8, 99, 15, 83, 52, 7, 245, 54, 73, 160, 254, 40, 210, 46,
       118, 0, 36, 135, 203, 194, 154, 49, 142, 62, 20, 142, 250, 81, 9,
       6, 231, 68, 177, 71, 240, 89, 38, 202, 254, 2, 204, 10, 152, 165,
       247, 18, 135, 199, 24, 197, 148, 61, 62, 18, 4, 91, 14, 81, 103,
       149, 58, 20, 119, 255, 198, 228, 177, 8, 118, 1, 237, 114, 169,
       50, 242, 142, 241, 110, 151, 196, 7, 24, 210, 118, 63, 254, 226,
       133, 202, 158, 104, 167, 13, 10, 226, 62, 151, 104, 247, 20, 244,
       201, 84, 235, 120, 6, 14, 65, 79, 236, 62, 198, 187, 230, 166, 3,
       21, 32, 255, 4, 169, 159, 47, 149, 176, 65, 83, 21, 197, 107, 163,
       79, 5, 47, 240, 74, 140, 6, 86, 125, 214, 55, 195, 127, 40, 2,
       175, 44, 93, 106, 58, 140, 168, 32, 218, 159, 79, 153, 5, 0, 164,
       56, 230, 75, 8, 139, 199, 19, 223, 223, 181, 14, 113, 54, 112,
       124, 215, 37, 203, 37, 60, 28, 3, 220, 7, 122, 223, 191, 188, 142,
       61, 17, 13, 38, 113, 194, 80, 0, 227, 188, 3, 131, 202, 77, 58,
       78, 179, 224, 230, 200, 14, 98, 85, 38, 58, 218, 97, 176, 123, 5,
       79, 53, 83, 6, 135, 159, 82, 222, 196, 80, 192, 21, 58, 234, 237,
       69, 8, 108, 170, 207, 42, 13, 224, 216, 101, 181, 198, 74, 164, 6,
       26, 43, 117, 117, 202, 128, 48, 162, 55, 180, 175, 158, 1, 14, 17,
       161, 32, 141, 94, 167, 85, 151, 153, 67, 203, 2, 23, 146, 49, 107,
       230, 205, 99, 146, 224, 69, 75, 129, 4, 77, 60, 41, 158, 154, 174,
       87, 171, 16, 72, 88, 135, 0, 40, 29, 42, 32, 116, 156, 107, 54,
       125, 104, 196, 158, 8, 241, 86, 221, 84, 204, 68, 127, 60, 32,
       220, 24, 171, 8, 236, 1, 47, 17, 77, 45, 81, 63, 90, 85, 238, 41,
       9, 29, 81, 131, 176, 67, 207, 226, 35, 50, 171, 182, 168, 15, 153,
       71, 122, 165, 175, 200, 171, 75, 40, 143, 72, 3, 7, 14, 165, 209,
       73, 40, 189, 77, 103, 56, 213, 52, 240, 11, 73, 233, 180, 243, 73,
       237, 166, 6, 248, 62, 18, 82, 1, 208, 242, 202, 177, 206, 107, 43,
       209, 73, 40, 186, 87, 0, 132, 164, 135, 193, 246, 6, 91, 121, 44,
       242, 217, 121, 2, 134, 123, 240, 47, 79, 149, 160, 165, 180, 99,
       29, 161, 11, 243, 95, 117, 171, 217, 200, 208, 225, 185, 0, 82,
       55, 1, 216, 91, 140, 98, 218, 80, 90, 159, 47, 64, 253, 230, 1,
       142, 196, 160, 9, 216, 112, 177, 57, 189, 90, 239, 172, 15, 13,
       50, 68, 66, 207, 158, 144, 96, 193, 16, 174, 87, 14, 16, 135, 29,
       68, 99, 171, 242, 177, 132, 66, 101, 86, 2, 126, 167, 80, 136, 48,
       96, 151, 159, 52, 34, 36, 203, 0, 70, 170, 100, 34, 24, 212, 253,
       92, 98, 43, 142, 16, 8, 147, 54, 124, 49, 134, 60, 204, 136, 35,
       98, 195, 163, 10, 72, 22, 127, 10, 155, 8, 82, 92, 208, 112, 113,
       184, 15, 92, 92, 52, 108, 65, 19, 51, 198, 24, 195, 230, 204, 9,
       241, 216, 224, 224, 179, 164, 161, 13, 149, 15, 230, 129, 2, 48,
       212, 166, 41, 32, 30, 23, 200, 99, 143, 43, 27, 10, 129, 56, 80,
       89, 191, 14, 71, 60, 194, 135, 117, 64, 12, 93, 141, 79, 28, 97,
       62, 135, 128, 73, 70, 82, 176, 12, 48, 42, 238, 20, 51, 206, 39,
       15, 217, 160, 161, 200, 1, 229, 95, 186, 196, 33, 194, 8, 222,
       198, 146, 23, 51, 1, 246, 80, 72, 73, 50, 227, 220, 148, 11, 156,
       202, 106, 13, 140, 206, 132, 150, 55, 177, 4, 56, 66, 53, 223,
       170, 7, 181, 101, 51, 157, 2, 147, 188, 116, 201, 33, 32, 166, 15,
       125, 99, 90, 62, 248, 62, 24, 11, 40, 216, 46, 78, 3, 224, 200,
       158, 0, 238, 217, 182, 57, 182, 255, 132, 28, 8, 199, 39, 65, 177,
       77, 1, 135, 193, 247, 197, 172, 107, 14, 19, 130, 31, 246, 217,
       198, 217, 183, 112, 7, 145, 48, 7, 218, 74, 26, 182, 162, 133, 72,
       6, 226, 22, 68, 236, 2, 232, 132, 114, 146, 136, 11, 188, 136, 5,
       217, 130, 174, 5, 67, 114, 38, 132, 118, 1, 42, 20, 86, 213, 133,
       37, 11, 167, 84, 25, 186, 1, 19, 221, 1, 20, 148, 226, 17, 7, 99,
       151, 84, 218, 101, 158, 51, 17, 118, 125, 222, 143, 15, 87, 104,
       63, 54, 47, 111, 223, 117, 190, 1, 228, 135, 6, 255, 23, 187, 230,
       232, 140, 199, 154, 101, 178, 174, 156, 6, 110, 18, 120, 7, 218,
       239, 191, 111, 70, 207, 193, 110, 10, 138, 223, 166, 204, 186, 20,
       219, 47, 80, 135, 15, 246, 13, 169, 255, 96, 63, 67, 126, 189, 52,
