%YAML:1.0
---
MarkerSize: 10
MaxCorrectionBits: 25
ByteList: !!opencv-matrix
   rows: 2
   cols: 13
   dt: "4u"
   data: [ 235, 230, 67, 107, 65, 23, 126, 59, 178, 13, 91, 178, 0, 157,
       41, 44, 186, 174, 40, 49, 183, 234, 152, 148, 245, 13, 4, 221,
       171, 4, 221, 199, 238, 136, 45, 108, 38, 125, 7, 186, 242, 145,
       149, 126, 216, 193, 71, 85, 211, 73, 75, 9, 50, 159, 53, 253, 185,
       151, 8, 108, 242, 136, 177, 236, 10, 112, 185, 50, 234, 237, 122,
       28, 142, 143, 87, 114, 2, 15, 83, 120, 209, 20, 243, 97, 14, 153,
       219, 250, 207, 148, 12, 244, 4, 238, 175, 23, 19, 133, 235, 117,
       116, 201, 208, 14 ]
